Elastic film result
===================

N = 3
omega = 1
k_x = 0.1
phi_i = 1
psi_i = 1

Incident side a
lambda_a = 1.3
mu_a = 1
eta_a = 1

Substrate side g
lambda_g = 1.3
mu_g = 5.2
eta_g = 1.9

Layer 1
lambda_1 = 4
mu_1 = 1.5
eta_1 = 4.4
h_1 = 9.8

Layer 2
lambda_2 = 1
mu_2 = 1.1
eta_2 = 1.5
h_2 = 6

Layer 3
lambda_3 = 2.1
mu_3 = 3.1
eta_3 = 5.4
h_3 = 1

P incidence
r_P = 0.792481650909-0.244734338508i
R_P = 0.687922063472
r_SV = -0.0763600756475+0.110137418157i
R_SV = 0.033013726718
t_P = 0.389464667377+0.224579568368i
T_P = 0.276940576278
t_SV = 0.00147147810841-0.0318238489898i
T_SV = 0.00212363353161
Energy sum = 1

SV incidence
r_P = 0.140354932658-0.202439950163i
R_P = 0.033013726718
r_SV = 0.261747272023-0.516394761563i
R_SV = 0.335175184181
t_P = -0.0514877928236+0.0837347069551i
T_P = 0.00720290985799
t_SV = 0.67794103092+0.298462776476i
T_SV = 0.624608179243
Energy sum = 1

SH incidence
r_SH = -0.292440970784+0.555979552462i
R_SH = 0.394634984149
t_SH = 0.662546210148+0.304651480937i
T_SH = 0.605365015851
Energy sum = 1

