Generated: 2026-06-16 13:17:00

n_inc = 1
k_inc = [0.560968194005;0.785355471607;-0.261785157202]
pol.type = 2
pol.angle_deg = 0
orientation.mode = matrix
orientation.R = [1 0 0.3;0 1 0;-0.2 0 1]
eps_diag = [2.5 2.5 3.2]
eps_lab = []
